Name:	KIT-SIMBA-013-2.081
Channel:	81
Tester	Maccor #4
Procedure	SIMBA.000
Description	SIMBA-Capacity_test
Started	06/05/2021 11:23:46
SCap	0,017
C Rate	0,003
Ch. max. V	6,00 V
DisCh. min. V	0,00 V
Ch. max. I	5,000 A
DisCh. max. I	5,000 A

Rec	Cycle P	Cycle C	Step	TestTime	StepTime	Cap. [Ah]	Ener. [Wh]	Current [A]	Voltage [V]	Md	ES	DPT Time	VAR1	VAR2	VAR3	VAR4	VAR5	VAR6	VAR7	VAR8	VAR9	VAR10	VAR11	VAR12	VAR13	VAR14	VAR15

1	0	1	1	0,000000	0,000000	0,00000000	0,00000000	0,00000000	0,1377	R	0	06/05/2021 11:23:46	0,0000	0,0000	0,0000	0,0000	0,0000	0,0000	0,0000	0,0000	0,0000	0,0000	0,0000	0,0000	0,0000	0,0000	0,0000
2	0	1	1	1,000000	1,000000	0,00000000	0,00000000	0,00000000	0,1385	R	1	06/05/2021 11:24:46	0,0000	0,0000	0,0000	0,0000	0,0000	0,0000	0,0000	0,0000	0,0000	0,0000	0,0000	0,0000	0,0000	0,0000	0,0000
3	0	1	1	2,000000	2,000000	0,00000000	0,00000000	0,00000000	0,1394	R	1	06/05/2021 11:25:46	0,0000	0,0000	0,0000	0,0000	0,0000	0,0000	0,0000	0,0000	0,0000	0,0000	0,0000	0,0000	0,0000	0,0000	0,0000
4	0	1	1	3,000000	3,000000	0,00000000	0,00000000	0,00000000	0,1403	R	1	06/05/2021 11:26:46	0,0000	0,0000	0,0000	0,0000	0,0000	0,0000	0,0000	0,0000	0,0000	0,0000	0,0000	0,0000	0,0000	0,0000	0,0000
5	0	1	1	4,000000	4,000000	0,00000000	0,00000000	0,00000000	0,1409	R	1	06/05/2021 11:27:46	0,0000	0,0000	0,0000	0,0000	0,0000	0,0000	0,0000	0,0000	0,0000	0,0000	0,0000	0,0000	0,0000	0,0000	0,0000
6	0	1	1	5,000000	5,000000	0,00000000	0,00000000	0,00000000	0,1416	R	1	06/05/2021 11:28:46	0,0000	0,0000	0,0000	0,0000	0,0000	0,0000	0,0000	0,0000	0,0000	0,0000	0,0000	0,0000	0,0000	0,0000	0,0000
7	0	1	1	6,000000	6,000000	0,00000000	0,00000000	0,00000000	0,1421	R	1	06/05/2021 11:29:46	0,0000	0,0000	0,0000	0,0000	0,0000	0,0000	0,0000	0,0000	0,0000	0,0000	0,0000	0,0000	0,0000	0,0000	0,0000
8	0	1	1	7,000000	7,000000	0,00000000	0,00000000	0,00000000	0,1425	R	1	06/05/2021 11:30:46	0,0000	0,0000	0,0000	0,0000	0,0000	0,0000	0,0000	0,0000	0,0000	0,0000	0,0000	0,0000	0,0000	0,0000	0,0000
9	0	1	1	8,000000	8,000000	0,00000000	0,00000000	0,00000000	0,1430	R	1	06/05/2021 11:31:46	0,0000	0,0000	0,0000	0,0000	0,0000	0,0000	0,0000	0,0000	0,0000	0,0000	0,0000	0,0000	0,0000	0,0000	0,0000
10	0	1	1	9,000000	9,000000	0,00000000	0,00000000	0,00000000	0,1434	R	1	06/05/2021 11:32:46	0,0000	0,0000	0,0000	0,0000	0,0000	0,0000	0,0000	0,0000	0,0000	0,0000	0,0000	0,0000	0,0000	0,0000	0,0000
11	0	1	1	10,000000	10,000000	0,00000000	0,00000000	0,00000000	0,1436	R	1	06/05/2021 11:33:46	0,0000	0,0000	0,0000	0,0000	0,0000	0,0000	0,0000	0,0000	0,0000	0,0000	0,0000	0,0000	0,0000	0,0000	0,0000
12	0	1	1	11,000000	11,000000	0,00000000	0,00000000	0,00000000	0,1442	R	1	06/05/2021 11:34:46	0,0000	0,0000	0,0000	0,0000	0,0000	0,0000	0,0000	0,0000	0,0000	0,0000	0,0000	0,0000	0,0000	0,0000	0,0000
13	0	1	1	12,000000	12,000000	0,00000000	0,00000000	0,00000000	0,1446	R	1	06/05/2021 11:35:46	0,0000	0,0000	0,0000	0,0000	0,0000	0,0000	0,0000	0,0000	0,0000	0,0000	0,0000	0,0000	0,0000	0,0000	0,0000
14	0	1	1	13,000000	13,000000	0,00000000	0,00000000	0,00000000	0,1448	R	1	06/05/2021 11:36:46	0,0000	0,0000	0,0000	0,0000	0,0000	0,0000	0,0000	0,0000	0,0000	0,0000	0,0000	0,0000	0,0000	0,0000	0,0000
15	0	1	1	14,000000	14,000000	0,00000000	0,00000000	0,00000000	0,1449	R	1	06/05/2021 11:37:46	0,0000	0,0000	0,0000	0,0000	0,0000	0,0000	0,0000	0,0000	0,0000	0,0000	0,0000	0,0000	0,0000	0,0000	0,0000
16	0	1	1	15,000000	15,000000	0,00000000	0,00000000	0,00000000	0,1452	R	1	06/05/2021 11:38:46	0,0000	0,0000	0,0000	0,0000	0,0000	0,0000	0,0000	0,0000	0,0000	0,0000	0,0000	0,0000	0,0000	0,0000	0,0000
17	0	1	1	16,000000	16,000000	0,00000000	0,00000000	0,00000000	0,1455	R	1	06/05/2021 11:39:46	0,0000	0,0000	0,0000	0,0000	0,0000	0,0000	0,0000	0,0000	0,0000	0,0000	0,0000	0,0000	0,0000	0,0000	0,0000
18	0	1	1	17,000000	17,000000	0,00000000	0,00000000	0,00000000	0,1458	R	1	06/05/2021 11:40:46	0,0000	0,0000	0,0000	0,0000	0,0000	0,0000	0,0000	0,0000	0,0000	0,0000	0,0000	0,0000	0,0000	0,0000	0,0000
19	0	1	1	18,000000	18,000000	0,00000000	0,00000000	0,00000000	0,1460	R	1	06/05/2021 11:41:46	0,0000	0,0000	0,0000	0,0000	0,0000	0,0000	0,0000	0,0000	0,0000	0,0000	0,0000	0,0000	0,0000	0,0000	0,0000
20	0	1	1	19,000000	19,000000	0,00000000	0,00000000	0,00000000	0,1464	R	1	06/05/2021 11:42:46	0,0000	0,0000	0,0000	0,0000	0,0000	0,0000	0,0000	0,0000	0,0000	0,0000	0,0000	0,0000	0,0000	0,0000	0,0000
21	0	1	1	20,000000	20,000000	0,00000000	0,00000000	0,00000000	0,1464	R	1	06/05/2021 11:43:46	0,0000	0,0000	0,0000	0,0000	0,0000	0,0000	0,0000	0,0000	0,0000	0,0000	0,0000	0,0000	0,0000	0,0000	0,0000
22	0	1	1	21,000000	21,000000	0,00000000	0,00000000	0,00000000	0,1466	R	1	06/05/2021 11:44:46	0,0000	0,0000	0,0000	0,0000	0,0000	0,0000	0,0000	0,0000	0,0000	0,0000	0,0000	0,0000	0,0000	0,0000	0,0000
23	0	1	1	22,000000	22,000000	0,00000000	0,00000000	0,00000000	0,1469	R	1	06/05/2021 11:45:46	0,0000	0,0000	0,0000	0,0000	0,0000	0,0000	0,0000	0,0000	0,0000	0,0000	0,0000	0,0000	0,0000	0,0000	0,0000
24	0	1	1	23,000000	23,000000	0,00000000	0,00000000	0,00000000	0,1469	R	1	06/05/2021 11:46:46	0,0000	0,0000	0,0000	0,0000	0,0000	0,0000	0,0000	0,0000	0,0000	0,0000	0,0000	0,0000	0,0000	0,0000	0,0000
25	0	1	1	24,000000	24,000000	0,00000000	0,00000000	0,00000000	0,1471	R	1	06/05/2021 11:47:46	0,0000	0,0000	0,0000	0,0000	0,0000	0,0000	0,0000	0,0000	0,0000	0,0000	0,0000	0,0000	0,0000	0,0000	0,0000
26	0	1	1	25,000000	25,000000	0,00000000	0,00000000	0,00000000	0,1472	R	1	06/05/2021 11:48:46	0,0000	0,0000	0,0000	0,0000	0,0000	0,0000	0,0000	0,0000	0,0000	0,0000	0,0000	0,0000	0,0000	0,0000	0,0000
27	0	1	1	26,000000	26,000000	0,00000000	0,00000000	0,00000000	0,1474	R	1	06/05/2021 11:49:46	0,0000	0,0000	0,0000	0,0000	0,0000	0,0000	0,0000	0,0000	0,0000	0,0000	0,0000	0,0000	0,0000	0,0000	0,0000
28	0	1	1	27,000000	27,000000	0,00000000	0,00000000	0,00000000	0,1476	R	1	06/05/2021 11:50:46	0,0000	0,0000	0,0000	0,0000	0,0000	0,0000	0,0000	0,0000	0,0000	0,0000	0,0000	0,0000	0,0000	0,0000	0,0000
29	0	1	1	28,000000	28,000000	0,00000000	0,00000000	0,00000000	0,1478	R	1	06/05/2021 11:51:46	0,0000	0,0000	0,0000	0,0000	0,0000	0,0000	0,0000	0,0000	0,0000	0,0000	0,0000	0,0000	0,0000	0,0000	0,0000
30	0	1	1	29,000000	29,000000	0,00000000	0,00000000	0,00000000	0,1480	R	1	06/05/2021 11:52:46	0,0000	0,0000	0,0000	0,0000	0,0000	0,0000	0,0000	0,0000	0,0000	0,0000	0,0000	0,0000	0,0000	0,0000	0,0000
31	0	1	1	30,000000	30,000000	0,00000000	0,00000000	0,00000000	0,1480	R	1	06/05/2021 11:53:46	0,0000	0,0000	0,0000	0,0000	0,0000	0,0000	0,0000	0,0000	0,0000	0,0000	0,0000	0,0000	0,0000	0,0000	0,0000
32	0	1	1	31,000000	31,000000	0,00000000	0,00000000	0,00000000	0,1482	R	1	06/05/2021 11:54:46	0,0000	0,0000	0,0000	0,0000	0,0000	0,0000	0,0000	0,0000	0,0000	0,0000	0,0000	0,0000	0,0000	0,0000	0,0000
33	0	1	1	32,000000	32,000000	0,00000000	0,00000000	0,00000000	0,1484	R	1	06/05/2021 11:55:46	0,0000	0,0000	0,0000	0,0000	0,0000	0,0000	0,0000	0,0000	0,0000	0,0000	0,0000	0,0000	0,0000	0,0000	0,0000
34	0	1	1	33,000000	33,000000	0,00000000	0,00000000	0,00000000	0,1484	R	1	06/05/2021 11:56:46	0,0000	0,0000	0,0000	0,0000	0,0000	0,0000	0,0000	0,0000	0,0000	0,0000	0,0000	0,0000	0,0000	0,0000	0,0000
35	0	1	1	34,000000	34,000000	0,00000000	0,00000000	0,00000000	0,1486	R	1	06/05/2021 11:57:46	0,0000	0,0000	0,0000	0,0000	0,0000	0,0000	0,0000	0,0000	0,0000	0,0000	0,0000	0,0000	0,0000	0,0000	0,0000
36	0	1	1	35,000000	35,000000	0,00000000	0,00000000	0,00000000	0,1486	R	1	06/05/2021 11:58:46	0,0000	0,0000	0,0000	0,0000	0,0000	0,0000	0,0000	0,0000	0,0000	0,0000	0,0000	0,0000	0,0000	0,0000	0,0000
37	0	1	1	36,000000	36,000000	0,00000000	0,00000000	0,00000000	0,1487	R	1	06/05/2021 11:59:46	0,0000	0,0000	0,0000	0,0000	0,0000	0,0000	0,0000	0,0000	0,0000	0,0000	0,0000	0,0000	0,0000	0,0000	0,0000
38	0	1	1	37,000000	37,000000	0,00000000	0,00000000	0,00000000	0,1488	R	1	06/05/2021 12:00:46	0,0000	0,0000	0,0000	0,0000	0,0000	0,0000	0,0000	0,0000	0,0000	0,0000	0,0000	0,0000	0,0000	0,0000	0,0000
39	0	1	1	38,000000	38,000000	0,00000000	0,00000000	0,00000000	0,1491	R	1	06/05/2021 12:01:46	0,0000	0,0000	0,0000	0,0000	0,0000	0,0000	0,0000	0,0000	0,0000	0,0000	0,0000	0,0000	0,0000	0,0000	0,0000
40	0	1	1	39,000000	39,000000	0,00000000	0,00000000	0,00000000	0,1490	R	1	06/05/2021 12:02:46	0,0000	0,0000	0,0000	0,0000	0,0000	0,0000	0,0000	0,0000	0,0000	0,0000	0,0000	0,0000	0,0000	0,0000	0,0000
41	0	1	1	40,000000	40,000000	0,00000000	0,00000000	0,00000000	0,1491	R	1	06/05/2021 12:03:46	0,0000	0,0000	0,0000	0,0000	0,0000	0,0000	0,0000	0,0000	0,0000	0,0000	0,0000	0,0000	0,0000	0,0000	0,0000
42	0	1	1	41,000000	41,000000	0,00000000	0,00000000	0,00000000	0,1491	R	1	06/05/2021 12:04:46	0,0000	0,0000	0,0000	0,0000	0,0000	0,0000	0,0000	0,0000	0,0000	0,0000	0,0000	0,0000	0,0000	0,0000	0,0000
43	0	1	1	42,000000	42,000000	0,00000000	0,00000000	0,00000000	0,1493	R	1	06/05/2021 12:05:46	0,0000	0,0000	0,0000	0,0000	0,0000	0,0000	0,0000	0,0000	0,0000	0,0000	0,0000	0,0000	0,0000	0,0000	0,0000
44	0	1	1	43,000000	43,000000	0,00000000	0,00000000	0,00000000	0,1493	R	1	06/05/2021 12:06:46	0,0000	0,0000	0,0000	0,0000	0,0000	0,0000	0,0000	0,0000	0,0000	0,0000	0,0000	0,0000	0,0000	0,0000	0,0000
45	0	1	1	44,000000	44,000000	0,00000000	0,00000000	0,00000000	0,1496	R	1	06/05/2021 12:07:46	0,0000	0,0000	0,0000	0,0000	0,0000	0,0000	0,0000	0,0000	0,0000	0,0000	0,0000	0,0000	0,0000	0,0000	0,0000
46	0	1	1	45,000000	45,000000	0,00000000	0,00000000	0,00000000	0,1495	R	1	06/05/2021 12:08:46	0,0000	0,0000	0,0000	0,0000	0,0000	0,0000	0,0000	0,0000	0,0000	0,0000	0,0000	0,0000	0,0000	0,0000	0,0000
47	0	1	1	46,000000	46,000000	0,00000000	0,00000000	0,00000000	0,1496	R	1	06/05/2021 12:09:46	0,0000	0,0000	0,0000	0,0000	0,0000	0,0000	0,0000	0,0000	0,0000	0,0000	0,0000	0,0000	0,0000	0,0000	0,0000
48	0	1	1	47,000000	47,000000	0,00000000	0,00000000	0,00000000	0,1497	R	1	06/05/2021 12:10:46	0,0000	0,0000	0,0000	0,0000	0,0000	0,0000	0,0000	0,0000	0,0000	0,0000	0,0000	0,0000	0,0000	0,0000	0,0000
49	0	1	1	48,000000	48,000000	0,00000000	0,00000000	0,00000000	0,1498	R	1	06/05/2021 12:11:46	0,0000	0,0000	0,0000	0,0000	0,0000	0,0000	0,0000	0,0000	0,0000	0,0000	0,0000	0,0000	0,0000	0,0000	0,0000
50	0	1	1	49,000000	49,000000	0,00000000	0,00000000	0,00000000	0,1498	R	1	06/05/2021 12:12:46	0,0000	0,0000	0,0000	0,0000	0,0000	0,0000	0,0000	0,0000	0,0000	0,0000	0,0000	0,0000	0,0000	0,0000	0,0000
51	0	1	1	50,000000	50,000000	0,00000000	0,00000000	0,00000000	0,1500	R	1	06/05/2021 12:13:46	0,0000	0,0000	0,0000	0,0000	0,0000	0,0000	0,0000	0,0000	0,0000	0,0000	0,0000	0,0000	0,0000	0,0000	0,0000
52	0	1	1	51,000000	51,000000	0,00000000	0,00000000	0,00000000	0,1500	R	1	06/05/2021 12:14:46	0,0000	0,0000	0,0000	0,0000	0,0000	0,0000	0,0000	0,0000	0,0000	0,0000	0,0000	0,0000	0,0000	0,0000	0,0000
53	0	1	1	52,000000	52,000000	0,00000000	0,00000000	0,00000000	0,1502	R	1	06/05/2021 12:15:46	0,0000	0,0000	0,0000	0,0000	0,0000	0,0000	0,0000	0,0000	0,0000	0,0000	0,0000	0,0000	0,0000	0,0000	0,0000
54	0	1	1	53,000000	53,000000	0,00000000	0,00000000	0,00000000	0,1501	R	1	06/05/2021 12:16:46	0,0000	0,0000	0,0000	0,0000	0,0000	0,0000	0,0000	0,0000	0,0000	0,0000	0,0000	0,0000	0,0000	0,0000	0,0000
55	0	1	1	54,000000	54,000000	0,00000000	0,00000000	0,00000000	0,1501	R	1	06/05/2021 12:17:46	0,0000	0,0000	0,0000	0,0000	0,0000	0,0000	0,0000	0,0000	0,0000	0,0000	0,0000	0,0000	0,0000	0,0000	0,0000
56	0	1	1	55,000000	55,000000	0,00000000	0,00000000	0,00000000	0,1502	R	1	06/05/2021 12:18:46	0,0000	0,0000	0,0000	0,0000	0,0000	0,0000	0,0000	0,0000	0,0000	0,0000	0,0000	0,0000	0,0000	0,0000	0,0000
57	0	1	1	56,000000	56,000000	0,00000000	0,00000000	0,00000000	0,1503	R	1	06/05/2021 12:19:46	0,0000	0,0000	0,0000	0,0000	0,0000	0,0000	0,0000	0,0000	0,0000	0,0000	0,0000	0,0000	0,0000	0,0000	0,0000
58	0	1	1	57,000000	57,000000	0,00000000	0,00000000	0,00000000	0,1503	R	1	06/05/2021 12:20:46	0,0000	0,0000	0,0000	0,0000	0,0000	0,0000	0,0000	0,0000	0,0000	0,0000	0,0000	0,0000	0,0000	0,0000	0,0000
59	0	1	1	58,000000	58,000000	0,00000000	0,00000000	0,00000000	0,1504	R	1	06/05/2021 12:21:46	0,0000	0,0000	0,0000	0,0000	0,0000	0,0000	0,0000	0,0000	0,0000	0,0000	0,0000	0,0000	0,0000	0,0000	0,0000
60	0	1	1	59,000000	59,000000	0,00000000	0,00000000	0,00000000	0,1503	R	1	06/05/2021 12:22:46	0,0000	0,0000	0,0000	0,0000	0,0000	0,0000	0,0000	0,0000	0,0000	0,0000	0,0000	0,0000	0,0000	0,0000	0,0000
61	0	1	1	60,000000	60,000000	0,00000000	0,00000000	0,00000000	0,1503	R	1	06/05/2021 12:23:46	0,0000	0,0000	0,0000	0,0000	0,0000	0,0000	0,0000	0,0000	0,0000	0,0000	0,0000	0,0000	0,0000	0,0000	0,0000
62	0	1	1	61,000000	61,000000	0,00000000	0,00000000	0,00000000	0,1504	R	1	06/05/2021 12:24:46	0,0000	0,0000	0,0000	0,0000	0,0000	0,0000	0,0000	0,0000	0,0000	0,0000	0,0000	0,0000	0,0000	0,0000	0,0000
63	0	1	1	62,000000	62,000000	0,00000000	0,00000000	0,00000000	0,1505	R	1	06/05/2021 12:25:46	0,0000	0,0000	0,0000	0,0000	0,0000	0,0000	0,0000	0,0000	0,0000	0,0000	0,0000	0,0000	0,0000	0,0000	0,0000
64	0	1	1	63,000000	63,000000	0,00000000	0,00000000	0,00000000	0,1505	R	1	06/05/2021 12:26:46	0,0000	0,0000	0,0000	0,0000	0,0000	0,0000	0,0000	0,0000	0,0000	0,0000	0,0000	0,0000	0,0000	0,0000	0,0000
65	0	1	1	64,000000	64,000000	0,00000000	0,00000000	0,00000000	0,1507	R	1	06/05/2021 12:27:46	0,0000	0,0000	0,0000	0,0000	0,0000	0,0000	0,0000	0,0000	0,0000	0,0000	0,0000	0,0000	0,0000	0,0000	0,0000
66	0	1	1	65,000000	65,000000	0,00000000	0,00000000	0,00000000	0,1507	R	1	06/05/2021 12:28:46	0,0000	0,0000	0,0000	0,0000	0,0000	0,0000	0,0000	0,0000	0,0000	0,0000	0,0000	0,0000	0,0000	0,0000	0,0000
67	0	1	1	66,000000	66,000000	0,00000000	0,00000000	0,00000000	0,1507	R	1	06/05/2021 12:29:46	0,0000	0,0000	0,0000	0,0000	0,0000	0,0000	0,0000	0,0000	0,0000	0,0000	0,0000	0,0000	0,0000	0,0000	0,0000
68	0	1	1	67,000000	67,000000	0,00000000	0,00000000	0,00000000	0,1506	R	1	06/05/2021 12:30:46	0,0000	0,0000	0,0000	0,0000	0,0000	0,0000	0,0000	0,0000	0,0000	0,0000	0,0000	0,0000	0,0000	0,0000	0,0000
69	0	1	1	68,000000	68,000000	0,00000000	0,00000000	0,00000000	0,1507	R	1	06/05/2021 12:31:46	0,0000	0,0000	0,0000	0,0000	0,0000	0,0000	0,0000	0,0000	0,0000	0,0000	0,0000	0,0000	0,0000	0,0000	0,0000
70	0	1	1	69,000000	69,000000	0,00000000	0,00000000	0,00000000	0,1508	R	1	06/05/2021 12:32:46	0,0000	0,0000	0,0000	0,0000	0,0000	0,0000	0,0000	0,0000	0,0000	0,0000	0,0000	0,0000	0,0000	0,0000	0,0000
71	0	1	1	70,000000	70,000000	0,00000000	0,00000000	0,00000000	0,1509	R	1	06/05/2021 12:33:46	0,0000	0,0000	0,0000	0,0000	0,0000	0,0000	0,0000	0,0000	0,0000	0,0000	0,0000	0,0000	0,0000	0,0000	0,0000
72	0	1	1	71,000000	71,000000	0,00000000	0,00000000	0,00000000	0,1508	R	1	06/05/2021 12:34:46	0,0000	0,0000	0,0000	0,0000	0,0000	0,0000	0,0000	0,0000	0,0000	0,0000	0,0000	0,0000	0,0000	0,0000	0,0000
73	0	1	1	72,000000	72,000000	0,00000000	0,00000000	0,00000000	0,1508	R	1	06/05/2021 12:35:46	0,0000	0,0000	0,0000	0,0000	0,0000	0,0000	0,0000	0,0000	0,0000	0,0000	0,0000	0,0000	0,0000	0,0000	0,0000
74	0	1	1	73,000000	73,000000	0,00000000	0,00000000	0,00000000	0,1509	R	1	06/05/2021 12:36:46	0,0000	0,0000	0,0000	0,0000	0,0000	0,0000	0,0000	0,0000	0,0000	0,0000	0,0000	0,0000	0,0000	0,0000	0,0000
75	0	1	1	74,000000	74,000000	0,00000000	0,00000000	0,00000000	0,1509	R	1	06/05/2021 12:37:46	0,0000	0,0000	0,0000	0,0000	0,0000	0,0000	0,0000	0,0000	0,0000	0,0000	0,0000	0,0000	0,0000	0,0000	0,0000
76	0	1	1	75,000000	75,000000	0,00000000	0,00000000	0,00000000	0,1510	R	1	06/05/2021 12:38:46	0,0000	0,0000	0,0000	0,0000	0,0000	0,0000	0,0000	0,0000	0,0000	0,0000	0,0000	0,0000	0,0000	0,0000	0,0000
77	0	1	1	76,000000	76,000000	0,00000000	0,00000000	0,00000000	0,1511	R	1	06/05/2021 12:39:46	0,0000	0,0000	0,0000	0,0000	0,0000	0,0000	0,0000	0,0000	0,0000	0,0000	0,0000	0,0000	0,0000	0,0000	0,0000
78	0	1	1	77,000000	77,000000	0,00000000	0,00000000	0,00000000	0,1511	R	1	06/05/2021 12:40:46	0,0000	0,0000	0,0000	0,0000	0,0000	0,0000	0,0000	0,0000	0,0000	0,0000	0,0000	0,0000	0,0000	0,0000	0,0000
79	0	1	1	78,000000	78,000000	0,00000000	0,00000000	0,00000000	0,1510	R	1	06/05/2021 12:41:46	0,0000	0,0000	0,0000	0,0000	0,0000	0,0000	0,0000	0,0000	0,0000	0,0000	0,0000	0,0000	0,0000	0,0000	0,0000
80	0	1	1	79,000000	79,000000	0,00000000	0,00000000	0,00000000	0,1510	R	1	06/05/2021 12:42:46	0,0000	0,0000	0,0000	0,0000	0,0000	0,0000	0,0000	0,0000	0,0000	0,0000	0,0000	0,0000	0,0000	0,0000	0,0000
81	0	1	1	80,000000	80,000000	0,00000000	0,00000000	0,00000000	0,1511	R	1	06/05/2021 12:43:46	0,0000	0,0000	0,0000	0,0000	0,0000	0,0000	0,0000	0,0000	0,0000	0,0000	0,0000	0,0000	0,0000	0,0000	0,0000
82	0	1	1	81,000000	81,000000	0,00000000	0,00000000	0,00000000	0,1511	R	1	06/05/2021 12:44:46	0,0000	0,0000	0,0000	0,0000	0,0000	0,0000	0,0000	0,0000	0,0000	0,0000	0,0000	0,0000	0,0000	0,0000	0,0000
83	0	1	1	82,000000	82,000000	0,00000000	0,00000000	0,00000000	0,1511	R	1	06/05/2021 12:45:46	0,0000	0,0000	0,0000	0,0000	0,0000	0,0000	0,0000	0,0000	0,0000	0,0000	0,0000	0,0000	0,0000	0,0000	0,0000
84	0	1	1	83,000000	83,000000	0,00000000	0,00000000	0,00000000	0,1512	R	1	06/05/2021 12:46:46	0,0000	0,0000	0,0000	0,0000	0,0000	0,0000	0,0000	0,0000	0,0000	0,0000	0,0000	0,0000	0,0000	0,0000	0,0000
85	0	1	1	84,000000	84,000000	0,00000000	0,00000000	0,00000000	0,1510	R	1	06/05/2021 12:47:46	0,0000	0,0000	0,0000	0,0000	0,0000	0,0000	0,0000	0,0000	0,0000	0,0000	0,0000	0,0000	0,0000	0,0000	0,0000
86	0	1	1	85,000000	85,000000	0,00000000	0,00000000	0,00000000	0,1512	R	1	06/05/2021 12:48:46	0,0000	0,0000	0,0000	0,0000	0,0000	0,0000	0,0000	0,0000	0,0000	0,0000	0,0000	0,0000	0,0000	0,0000	0,0000
87	0	1	1	86,000000	86,000000	0,00000000	0,00000000	0,00000000	0,1512	R	1	06/05/2021 12:49:46	0,0000	0,0000	0,0000	0,0000	0,0000	0,0000	0,0000	0,0000	0,0000	0,0000	0,0000	0,0000	0,0000	0,0000	0,0000
88	0	1	1	87,000000	87,000000	0,00000000	0,00000000	0,00000000	0,1511	R	1	06/05/2021 12:50:46	0,0000	0,0000	0,0000	0,0000	0,0000	0,0000	0,0000	0,0000	0,0000	0,0000	0,0000	0,0000	0,0000	0,0000	0,0000
89	0	1	1	88,000000	88,000000	0,00000000	0,00000000	0,00000000	0,1511	R	1	06/05/2021 12:51:46	0,0000	0,0000	0,0000	0,0000	0,0000	0,0000	0,0000	0,0000	0,0000	0,0000	0,0000	0,0000	0,0000	0,0000	0,0000
90	0	1	1	89,000000	89,000000	0,00000000	0,00000000	0,00000000	0,1511	R	1	06/05/2021 12:52:46	0,0000	0,0000	0,0000	0,0000	0,0000	0,0000	0,0000	0,0000	0,0000	0,0000	0,0000	0,0000	0,0000	0,0000	0,0000
91	0	1	1	90,000000	90,000000	0,00000000	0,00000000	0,00000000	0,1512	R	1	06/05/2021 12:53:46	0,0000	0,0000	0,0000	0,0000	0,0000	0,0000	0,0000	0,0000	0,0000	0,0000	0,0000	0,0000	0,0000	0,0000	0,0000
92	0	1	1	91,000000	91,000000	0,00000000	0,00000000	0,00000000	0,1512	R	1	06/05/2021 12:54:46	0,0000	0,0000	0,0000	0,0000	0,0000	0,0000	0,0000	0,0000	0,0000	0,0000	0,0000	0,0000	0,0000	0,0000	0,0000
93	0	1	1	92,000000	92,000000	0,00000000	0,00000000	0,00000000	0,1512	R	1	06/05/2021 12:55:46	0,0000	0,0000	0,0000	0,0000	0,0000	0,0000	0,0000	0,0000	0,0000	0,0000	0,0000	0,0000	0,0000	0,0000	0,0000
94	0	1	1	93,000000	93,000000	0,00000000	0,00000000	0,00000000	0,1512	R	1	06/05/2021 12:56:46	0,0000	0,0000	0,0000	0,0000	0,0000	0,0000	0,0000	0,0000	0,0000	0,0000	0,0000	0,0000	0,0000	0,0000	0,0000
95	0	1	1	94,000000	94,000000	0,00000000	0,00000000	0,00000000	0,1513	R	1	06/05/2021 12:57:46	0,0000	0,0000	0,0000	0,0000	0,0000	0,0000	0,0000	0,0000	0,0000	0,0000	0,0000	0,0000	0,0000	0,0000	0,0000
96	0	1	1	95,000000	95,000000	0,00000000	0,00000000	0,00000000	0,1511	R	1	06/05/2021 12:58:46	0,0000	0,0000	0,0000	0,0000	0,0000	0,0000	0,0000	0,0000	0,0000	0,0000	0,0000	0,0000	0,0000	0,0000	0,0000
97	0	1	1	96,000000	96,000000	0,00000000	0,00000000	0,00000000	0,1512	R	1	06/05/2021 12:59:46	0,0000	0,0000	0,0000	0,0000	0,0000	0,0000	0,0000	0,0000	0,0000	0,0000	0,0000	0,0000	0,0000	0,0000	0,0000
98	0	1	1	97,000000	97,000000	0,00000000	0,00000000	0,00000000	0,1512	R	1	06/05/2021 13:00:46	0,0000	0,0000	0,0000	0,0000	0,0000	0,0000	0,0000	0,0000	0,0000	0,0000	0,0000	0,0000	0,0000	0,0000	0,0000
99	0	1	1	98,000000	98,000000	0,00000000	0,00000000	0,00000000	0,1512	R	1	06/05/2021 13:01:46	0,0000	0,0000	0,0000	0,0000	0,0000	0,0000	0,0000	0,0000	0,0000	0,0000	0,0000	0,0000	0,0000	0,0000	0,0000
100	0	1	1	99,000000	99,000000	0,00000000	0,00000000	0,00000000	0,1512	R	1	06/05/2021 13:02:46	0,0000	0,0000	0,0000	0,0000	0,0000	0,0000	0,0000	0,0000	0,0000	0,0000	0,0000	0,0000	0,0000	0,0000	0,0000
101	0	1	1	100,000000	100,000000	0,00000000	0,00000000	0,00000000	0,1512	R	1	06/05/2021 13:03:46	0,0000	0,0000	0,0000	0,0000	0,0000	0,0000	0,0000	0,0000	0,0000	0,0000	0,0000	0,0000	0,0000	0,0000	0,0000
102	0	1	1	101,000000	101,000000	0,00000000	0,00000000	0,00000000	0,1512	R	1	06/05/2021 13:04:46	0,0000	0,0000	0,0000	0,0000	0,0000	0,0000	0,0000	0,0000	0,0000	0,0000	0,0000	0,0000	0,0000	0,0000	0,0000
103	0	1	1	102,000000	102,000000	0,00000000	0,00000000	0,00000000	0,1512	R	1	06/05/2021 13:05:46	0,0000	0,0000	0,0000	0,0000	0,0000	0,0000	0,0000	0,0000	0,0000	0,0000	0,0000	0,0000	0,0000	0,0000	0,0000
104	0	1	1	103,000000	103,000000	0,00000000	0,00000000	0,00000000	0,1514	R	1	06/05/2021 13:06:46	0,0000	0,0000	0,0000	0,0000	0,0000	0,0000	0,0000	0,0000	0,0000	0,0000	0,0000	0,0000	0,0000	0,0000	0,0000
105	0	1	1	104,000000	104,000000	0,00000000	0,00000000	0,00000000	0,1512	R	1	06/05/2021 13:07:46	0,0000	0,0000	0,0000	0,0000	0,0000	0,0000	0,0000	0,0000	0,0000	0,0000	0,0000	0,0000	0,0000	0,0000	0,0000
106	0	1	1	105,000000	105,000000	0,00000000	0,00000000	0,00000000	0,1513	R	1	06/05/2021 13:08:46	0,0000	0,0000	0,0000	0,0000	0,0000	0,0000	0,0000	0,0000	0,0000	0,0000	0,0000	0,0000	0,0000	0,0000	0,0000
107	0	1	1	106,000000	106,000000	0,00000000	0,00000000	0,00000000	0,1513	R	1	06/05/2021 13:09:46	0,0000	0,0000	0,0000	0,0000	0,0000	0,0000	0,0000	0,0000	0,0000	0,0000	0,0000	0,0000	0,0000	0,0000	0,0000
108	0	1	1	107,000000	107,000000	0,00000000	0,00000000	0,00000000	0,1513	R	1	06/05/2021 13:10:46	0,0000	0,0000	0,0000	0,0000	0,0000	0,0000	0,0000	0,0000	0,0000	0,0000	0,0000	0,0000	0,0000	0,0000	0,0000
109	0	1	1	108,000000	108,000000	0,00000000	0,00000000	0,00000000	0,1513	R	1	06/05/2021 13:11:46	0,0000	0,0000	0,0000	0,0000	0,0000	0,0000	0,0000	0,0000	0,0000	0,0000	0,0000	0,0000	0,0000	0,0000	0,0000
110	0	1	1	109,000000	109,000000	0,00000000	0,00000000	0,00000000	0,1512	R	1	06/05/2021 13:12:46	0,0000	0,0000	0,0000	0,0000	0,0000	0,0000	0,0000	0,0000	0,0000	0,0000	0,0000	0,0000	0,0000	0,0000	0,0000
111	0	1	1	110,000000	110,000000	0,00000000	0,00000000	0,00000000	0,1513	R	1	06/05/2021 13:13:46	0,0000	0,0000	0,0000	0,0000	0,0000	0,0000	0,0000	0,0000	0,0000	0,0000	0,0000	0,0000	0,0000	0,0000	0,0000
112	0	1	1	111,000000	111,000000	0,00000000	0,00000000	0,00000000	0,1513	R	1	06/05/2021 13:14:46	0,0000	0,0000	0,0000	0,0000	0,0000	0,0000	0,0000	0,0000	0,0000	0,0000	0,0000	0,0000	0,0000	0,0000	0,0000
113	0	1	1	112,000000	112,000000	0,00000000	0,00000000	0,00000000	0,1512	R	1	06/05/2021 13:15:46	0,0000	0,0000	0,0000	0,0000	0,0000	0,0000	0,0000	0,0000	0,0000	0,0000	0,0000	0,0000	0,0000	0,0000	0,0000
114	0	1	1	113,000000	113,000000	0,00000000	0,00000000	0,00000000	0,1513	R	1	06/05/2021 13:16:46	0,0000	0,0000	0,0000	0,0000	0,0000	0,0000	0,0000	0,0000	0,0000	0,0000	0,0000	0,0000	0,0000	0,0000	0,0000
115	0	1	1	114,000000	114,000000	0,00000000	0,00000000	0,00000000	0,1512	R	1	06/05/2021 13:17:46	0,0000	0,0000	0,0000	0,0000	0,0000	0,0000	0,0000	0,0000	0,0000	0,0000	0,0000	0,0000	0,0000	0,0000	0,0000
116	0	1	1	115,000000	115,000000	0,00000000	0,00000000	0,00000000	0,1512	R	1	06/05/2021 13:18:46	0,0000	0,0000	0,0000	0,0000	0,0000	0,0000	0,0000	0,0000	0,0000	0,0000	0,0000	0,0000	0,0000	0,0000	0,0000
117	0	1	1	116,000000	116,000000	0,00000000	0,00000000	0,00000000	0,1513	R	1	06/05/2021 13:19:46	0,0000	0,0000	0,0000	0,0000	0,0000	0,0000	0,0000	0,0000	0,0000	0,0000	0,0000	0,0000	0,0000	0,0000	0,0000
118	0	1	1	117,000000	117,000000	0,00000000	0,00000000	0,00000000	0,1512	R	1	06/05/2021 13:20:46	0,0000	0,0000	0,0000	0,0000	0,0000	0,0000	0,0000	0,0000	0,0000	0,0000	0,0000	0,0000	0,0000	0,0000	0,0000
119	0	1	1	118,000000	118,000000	0,00000000	0,00000000	0,00000000	0,1512	R	1	06/05/2021 13:21:46	0,0000	0,0000	0,0000	0,0000	0,0000	0,0000	0,0000	0,0000	0,0000	0,0000	0,0000	0,0000	0,0000	0,0000	0,0000
120	0	1	1	119,000000	119,000000	0,00000000	0,00000000	0,00000000	0,1513	R	1	06/05/2021 13:22:46	0,0000	0,0000	0,0000	0,0000	0,0000	0,0000	0,0000	0,0000	0,0000	0,0000	0,0000	0,0000	0,0000	0,0000	0,0000
121	0	1	1	120,000000	120,000000	0,00000000	0,00000000	0,00000000	0,1512	R	1	06/05/2021 13:23:46	0,0000	0,0000	0,0000	0,0000	0,0000	0,0000	0,0000	0,0000	0,0000	0,0000	0,0000	0,0000	0,0000	0,0000	0,0000
122	0	1	1	121,000000	121,000000	0,00000000	0,00000000	0,00000000	0,1514	R	1	06/05/2021 13:24:46	0,0000	0,0000	0,0000	0,0000	0,0000	0,0000	0,0000	0,0000	0,0000	0,0000	0,0000	0,0000	0,0000	0,0000	0,0000
123	0	1	1	122,000000	122,000000	0,00000000	0,00000000	0,00000000	0,1512	R	1	06/05/2021 13:25:46	0,0000	0,0000	0,0000	0,0000	0,0000	0,0000	0,0000	0,0000	0,0000	0,0000	0,0000	0,0000	0,0000	0,0000	0,0000
124	0	1	1	123,000000	123,000000	0,00000000	0,00000000	0,00000000	0,1512	R	1	06/05/2021 13:26:46	0,0000	0,0000	0,0000	0,0000	0,0000	0,0000	0,0000	0,0000	0,0000	0,0000	0,0000	0,0000	0,0000	0,0000	0,0000
125	0	1	1	124,000000	124,000000	0,00000000	0,00000000	0,00000000	0,1512	R	1	06/05/2021 13:27:46	0,0000	0,0000	0,0000	0,0000	0,0000	0,0000	0,0000	0,0000	0,0000	0,0000	0,0000	0,0000	0,0000	0,0000	0,0000
126	0	1	1	125,000000	125,000000	0,00000000	0,00000000	0,00000000	0,1511	R	1	06/05/2021 13:28:46	0,0000	0,0000	0,0000	0,0000	0,0000	0,0000	0,0000	0,0000	0,0000	0,0000	0,0000	0,0000	0,0000	0,0000	0,0000
127	0	1	1	126,000000	126,000000	0,00000000	0,00000000	0,00000000	0,1512	R	1	06/05/2021 13:29:46	0,0000	0,0000	0,0000	0,0000	0,0000	0,0000	0,0000	0,0000	0,0000	0,0000	0,0000	0,0000	0,0000	0,0000	0,0000
128	0	1	1	127,000000	127,000000	0,00000000	0,00000000	0,00000000	0,1512	R	1	06/05/2021 13:30:46	0,0000	0,0000	0,0000	0,0000	0,0000	0,0000	0,0000	0,0000	0,0000	0,0000	0,0000	0,0000	0,0000	0,0000	0,0000
129	0	1	1	128,000000	128,000000	0,00000000	0,00000000	0,00000000	0,1513	R	1	06/05/2021 13:31:46	0,0000	0,0000	0,0000	0,0000	0,0000	0,0000	0,0000	0,0000	0,0000	0,0000	0,0000	0,0000	0,0000	0,0000	0,0000
130	0	1	1	129,000000	129,000000	0,00000000	0,00000000	0,00000000	0,1512	R	1	06/05/2021 13:32:46	0,0000	0,0000	0,0000	0,0000	0,0000	0,0000	0,0000	0,0000	0,0000	0,0000	0,0000	0,0000	0,0000	0,0000	0,0000
131	0	1	1	130,000000	130,000000	0,00000000	0,00000000	0,00000000	0,1511	R	1	06/05/2021 13:33:46	0,0000	0,0000	0,0000	0,0000	0,0000	0,0000	0,0000	0,0000	0,0000	0,0000	0,0000	0,0000	0,0000	0,0000	0,0000
132	0	1	1	131,000000	131,000000	0,00000000	0,00000000	0,00000000	0,1511	R	1	06/05/2021 13:34:46	0,0000	0,0000	0,0000	0,0000	0,0000	0,0000	0,0000	0,0000	0,0000	0,0000	0,0000	0,0000	0,0000	0,0000	0,0000
133	0	1	1	132,000000	132,000000	0,00000000	0,00000000	0,00000000	0,1512	R	1	06/05/2021 13:35:46	0,0000	0,0000	0,0000	0,0000	0,0000	0,0000	0,0000	0,0000	0,0000	0,0000	0,0000	0,0000	0,0000	0,0000	0,0000
134	0	1	1	133,000000	133,000000	0,00000000	0,00000000	0,00000000	0,1512	R	1	06/05/2021 13:36:46	0,0000	0,0000	0,0000	0,0000	0,0000	0,0000	0,0000	0,0000	0,0000	0,0000	0,0000	0,0000	0,0000	0,0000	0,0000
135	0	1	1	134,000000	134,000000	0,00000000	0,00000000	0,00000000	0,1511	R	1	06/05/2021 13:37:46	0,0000	0,0000	0,0000	0,0000	0,0000	0,0000	0,0000	0,0000	0,0000	0,0000	0,0000	0,0000	0,0000	0,0000	0,0000
136	0	1	1	135,000000	135,000000	0,00000000	0,00000000	0,00000000	0,1511	R	1	06/05/2021 13:38:46	0,0000	0,0000	0,0000	0,0000	0,0000	0,0000	0,0000	0,0000	0,0000	0,0000	0,0000	0,0000	0,0000	0,0000	0,0000
137	0	1	1	136,000000	136,000000	0,00000000	0,00000000	0,00000000	0,1512	R	1	06/05/2021 13:39:46	0,0000	0,0000	0,0000	0,0000	0,0000	0,0000	0,0000	0,0000	0,0000	0,0000	0,0000	0,0000	0,0000	0,0000	0,0000
138	0	1	1	137,000000	137,000000	0,00000000	0,00000000	0,00000000	0,1511	R	1	06/05/2021 13:40:46	0,0000	0,0000	0,0000	0,0000	0,0000	0,0000	0,0000	0,0000	0,0000	0,0000	0,0000	0,0000	0,0000	0,0000	0,0000
139	0	1	1	138,000000	138,000000	0,00000000	0,00000000	0,00000000	0,1512	R	1	06/05/2021 13:41:46	0,0000	0,0000	0,0000	0,0000	0,0000	0,0000	0,0000	0,0000	0,0000	0,0000	0,0000	0,0000	0,0000	0,0000	0,0000
140	0	1	1	139,000000	139,000000	0,00000000	0,00000000	0,00000000	0,1511	R	1	06/05/2021 13:42:46	0,0000	0,0000	0,0000	0,0000	0,0000	0,0000	0,0000	0,0000	0,0000	0,0000	0,0000	0,0000	0,0000	0,0000	0,0000
141	0	1	1	140,000000	140,000000	0,00000000	0,00000000	0,00000000	0,1512	R	1	06/05/2021 13:43:46	0,0000	0,0000	0,0000	0,0000	0,0000	0,0000	0,0000	0,0000	0,0000	0,0000	0,0000	0,0000	0,0000	0,0000	0,0000
142	0	1	1	141,000000	141,000000	0,00000000	0,00000000	0,00000000	0,1511	R	1	06/05/2021 13:44:46	0,0000	0,0000	0,0000	0,0000	0,0000	0,0000	0,0000	0,0000	0,0000	0,0000	0,0000	0,0000	0,0000	0,0000	0,0000
143	0	1	1	142,000000	142,000000	0,00000000	0,00000000	0,00000000	0,1512	R	1	06/05/2021 13:45:46	0,0000	0,0000	0,0000	0,0000	0,0000	0,0000	0,0000	0,0000	0,0000	0,0000	0,0000	0,0000	0,0000	0,0000	0,0000
144	0	1	1	143,000000	143,000000	0,00000000	0,00000000	0,00000000	0,1511	R	1	06/05/2021 13:46:46	0,0000	0,0000	0,0000	0,0000	0,0000	0,0000	0,0000	0,0000	0,0000	0,0000	0,0000	0,0000	0,0000	0,0000	0,0000
145	0	1	1	144,000000	144,000000	0,00000000	0,00000000	0,00000000	0,1511	R	1	06/05/2021 13:47:46	0,0000	0,0000	0,0000	0,0000	0,0000	0,0000	0,0000	0,0000	0,0000	0,0000	0,0000	0,0000	0,0000	0,0000	0,0000
146	0	1	1	145,000000	145,000000	0,00000000	0,00000000	0,00000000	0,1511	R	1	06/05/2021 13:48:46	0,0000	0,0000	0,0000	0,0000	0,0000	0,0000	0,0000	0,0000	0,0000	0,0000	0,0000	0,0000	0,0000	0,0000	0,0000
147	0	1	1	146,000000	146,000000	0,00000000	0,00000000	0,00000000	0,1511	R	1	06/05/2021 13:49:46	0,0000	0,0000	0,0000	0,0000	0,0000	0,0000	0,0000	0,0000	0,0000	0,0000	0,0000	0,0000	0,0000	0,0000	0,0000
148	0	1	1	147,000000	147,000000	0,00000000	0,00000000	0,00000000	0,1512	R	1	06/05/2021 13:50:46	0,0000	0,0000	0,0000	0,0000	0,0000	0,0000	0,0000	0,0000	0,0000	0,0000	0,0000	0,0000	0,0000	0,0000	0,0000
149	0	1	1	148,000000	148,000000	0,00000000	0,00000000	0,00000000	0,1510	R	1	06/05/2021 13:51:46	0,0000	0,0000	0,0000	0,0000	0,0000	0,0000	0,0000	0,0000	0,0000	0,0000	0,0000	0,0000	0,0000	0,0000	0,0000
150	0	1	1	149,000000	149,000000	0,00000000	0,00000000	0,00000000	0,1509	R	1	06/05/2021 13:52:46	0,0000	0,0000	0,0000	0,0000	0,0000	0,0000	0,0000	0,0000	0,0000	0,0000	0,0000	0,0000	0,0000	0,0000	0,0000
151	0	1	1	150,000000	150,000000	0,00000000	0,00000000	0,00000000	0,1509	R	1	06/05/2021 13:53:46	0,0000	0,0000	0,0000	0,0000	0,0000	0,0000	0,0000	0,0000	0,0000	0,0000	0,0000	0,0000	0,0000	0,0000	0,0000
152	0	1	1	151,000000	151,000000	0,00000000	0,00000000	0,00000000	0,1509	R	1	06/05/2021 13:54:46	0,0000	0,0000	0,0000	0,0000	0,0000	0,0000	0,0000	0,0000	0,0000	0,0000	0,0000	0,0000	0,0000	0,0000	0,0000
153	0	1	1	152,000000	152,000000	0,00000000	0,00000000	0,00000000	0,1511	R	1	06/05/2021 13:55:46	0,0000	0,0000	0,0000	0,0000	0,0000	0,0000	0,0000	0,0000	0,0000	0,0000	0,0000	0,0000	0,0000	0,0000	0,0000
154	0	1	1	153,000000	153,000000	0,00000000	0,00000000	0,00000000	0,1510	R	1	06/05/2021 13:56:46	0,0000	0,0000	0,0000	0,0000	0,0000	0,0000	0,0000	0,0000	0,0000	0,0000	0,0000	0,0000	0,0000	0,0000	0,0000
155	0	1	1	154,000000	154,000000	0,00000000	0,00000000	0,00000000	0,1510	R	1	06/05/2021 13:57:46	0,0000	0,0000	0,0000	0,0000	0,0000	0,0000	0,0000	0,0000	0,0000	0,0000	0,0000	0,0000	0,0000	0,0000	0,0000
156	0	1	1	155,000000	155,000000	0,00000000	0,00000000	0,00000000	0,1510	R	1	06/05/2021 13:58:46	0,0000	0,0000	0,0000	0,0000	0,0000	0,0000	0,0000	0,0000	0,0000	0,0000	0,0000	0,0000	0,0000	0,0000	0,0000
157	0	1	1	156,000000	156,000000	0,00000000	0,00000000	0,00000000	0,1509	R	1	06/05/2021 13:59:46	0,0000	0,0000	0,0000	0,0000	0,0000	0,0000	0,0000	0,0000	0,0000	0,0000	0,0000	0,0000	0,0000	0,0000	0,0000
158	0	1	1	157,000000	157,000000	0,00000000	0,00000000	0,00000000	0,1510	R	1	06/05/2021 14:00:46	0,0000	0,0000	0,0000	0,0000	0,0000	0,0000	0,0000	0,0000	0,0000	0,0000	0,0000	0,0000	0,0000	0,0000	0,0000
159	0	1	1	158,000000	158,000000	0,00000000	0,00000000	0,00000000	0,1511	R	1	06/05/2021 14:01:46	0,0000	0,0000	0,0000	0,0000	0,0000	0,0000	0,0000	0,0000	0,0000	0,0000	0,0000	0,0000	0,0000	0,0000	0,0000
160	0	1	1	159,000000	159,000000	0,00000000	0,00000000	0,00000000	0,1511	R	1	06/05/2021 14:02:46	0,0000	0,0000	0,0000	0,0000	0,0000	0,0000	0,0000	0,0000	0,0000	0,0000	0,0000	0,0000	0,0000	0,0000	0,0000
161	0	1	1	160,000000	160,000000	0,00000000	0,00000000	0,00000000	0,1510	R	1	06/05/2021 14:03:46	0,0000	0,0000	0,0000	0,0000	0,0000	0,0000	0,0000	0,0000	0,0000	0,0000	0,0000	0,0000	0,0000	0,0000	0,0000
162	0	1	1	161,000000	161,000000	0,00000000	0,00000000	0,00000000	0,1510	R	1	06/05/2021 14:04:46	0,0000	0,0000	0,0000	0,0000	0,0000	0,0000	0,0000	0,0000	0,0000	0,0000	0,0000	0,0000	0,0000	0,0000	0,0000
163	0	1	1	162,000000	162,000000	0,00000000	0,00000000	0,00000000	0,1509	R	1	06/05/2021 14:05:46	0,0000	0,0000	0,0000	0,0000	0,0000	0,0000	0,0000	0,0000	0,0000	0,0000	0,0000	0,0000	0,0000	0,0000	0,0000
164	0	1	1	163,000000	163,000000	0,00000000	0,00000000	0,00000000	0,1508	R	1	06/05/2021 14:06:46	0,0000	0,0000	0,0000	0,0000	0,0000	0,0000	0,0000	0,0000	0,0000	0,0000	0,0000	0,0000	0,0000	0,0000	0,0000
165	0	1	1	164,000000	164,000000	0,00000000	0,00000000	0,00000000	0,1511	R	1	06/05/2021 14:07:46	0,0000	0,0000	0,0000	0,0000	0,0000	0,0000	0,0000	0,0000	0,0000	0,0000	0,0000	0,0000	0,0000	0,0000	0,0000
166	0	1	1	165,000000	165,000000	0,00000000	0,00000000	0,00000000	0,1510	R	1	06/05/2021 14:08:46	0,0000	0,0000	0,0000	0,0000	0,0000	0,0000	0,0000	0,0000	0,0000	0,0000	0,0000	0,0000	0,0000	0,0000	0,0000
167	0	1	1	166,000000	166,000000	0,00000000	0,00000000	0,00000000	0,1509	R	1	06/05/2021 14:09:46	0,0000	0,0000	0,0000	0,0000	0,0000	0,0000	0,0000	0,0000	0,0000	0,0000	0,0000	0,0000	0,0000	0,0000	0,0000
168	0	1	1	167,000000	167,000000	0,00000000	0,00000000	0,00000000	0,1508	R	1	06/05/2021 14:10:46	0,0000	0,0000	0,0000	0,0000	0,0000	0,0000	0,0000	0,0000	0,0000	0,0000	0,0000	0,0000	0,0000	0,0000	0,0000
169	0	1	1	168,000000	168,000000	0,00000000	0,00000000	0,00000000	0,1509	R	1	06/05/2021 14:11:46	0,0000	0,0000	0,0000	0,0000	0,0000	0,0000	0,0000	0,0000	0,0000	0,0000	0,0000	0,0000	0,0000	0,0000	0,0000
170	0	1	1	169,000000	169,000000	0,00000000	0,00000000	0,00000000	0,1507	R	1	06/05/2021 14:12:46	0,0000	0,0000	0,0000	0,0000	0,0000	0,0000	0,0000	0,0000	0,0000	0,0000	0,0000	0,0000	0,0000	0,0000	0,0000
171	0	1	1	170,000000	170,000000	0,00000000	0,00000000	0,00000000	0,1507	R	1	06/05/2021 14:13:46	0,0000	0,0000	0,0000	0,0000	0,0000	0,0000	0,0000	0,0000	0,0000	0,0000	0,0000	0,0000	0,0000	0,0000	0,0000
172	0	1	1	171,000000	171,000000	0,00000000	0,00000000	0,00000000	0,1507	R	1	06/05/2021 14:14:46	0,0000	0,0000	0,0000	0,0000	0,0000	0,0000	0,0000	0,0000	0,0000	0,0000	0,0000	0,0000	0,0000	0,0000	0,0000
173	0	1	1	172,000000	172,000000	0,00000000	0,00000000	0,00000000	0,1508	R	1	06/05/2021 14:15:46	0,0000	0,0000	0,0000	0,0000	0,0000	0,0000	0,0000	0,0000	0,0000	0,0000	0,0000	0,0000	0,0000	0,0000	0,0000
174	0	1	1	173,000000	173,000000	0,00000000	0,00000000	0,00000000	0,1508	R	1	06/05/2021 14:16:46	0,0000	0,0000	0,0000	0,0000	0,0000	0,0000	0,0000	0,0000	0,0000	0,0000	0,0000	0,0000	0,0000	0,0000	0,0000
175	0	1	1	174,000000	174,000000	0,00000000	0,00000000	0,00000000	0,1506	R	1	06/05/2021 14:17:46	0,0000	0,0000	0,0000	0,0000	0,0000	0,0000	0,0000	0,0000	0,0000	0,0000	0,0000	0,0000	0,0000	0,0000	0,0000
176	0	1	1	175,000000	175,000000	0,00000000	0,00000000	0,00000000	0,1509	R	1	06/05/2021 14:18:46	0,0000	0,0000	0,0000	0,0000	0,0000	0,0000	0,0000	0,0000	0,0000	0,0000	0,0000	0,0000	0,0000	0,0000	0,0000
177	0	1	1	176,000000	176,000000	0,00000000	0,00000000	0,00000000	0,1507	R	1	06/05/2021 14:19:46	0,0000	0,0000	0,0000	0,0000	0,0000	0,0000	0,0000	0,0000	0,0000	0,0000	0,0000	0,0000	0,0000	0,0000	0,0000
178	0	1	1	177,000000	177,000000	0,00000000	0,00000000	0,00000000	0,1508	R	1	06/05/2021 14:20:46	0,0000	0,0000	0,0000	0,0000	0,0000	0,0000	0,0000	0,0000	0,0000	0,0000	0,0000	0,0000	0,0000	0,0000	0,0000
179	0	1	1	178,000000	178,000000	0,00000000	0,00000000	0,00000000	0,1507	R	1	06/05/2021 14:21:46	0,0000	0,0000	0,0000	0,0000	0,0000	0,0000	0,0000	0,0000	0,0000	0,0000	0,0000	0,0000	0,0000	0,0000	0,0000
180	0	1	1	179,000000	179,000000	0,00000000	0,00000000	0,00000000	0,1507	R	1	06/05/2021 14:22:46	0,0000	0,0000	0,0000	0,0000	0,0000	0,0000	0,0000	0,0000	0,0000	0,0000	0,0000	0,0000	0,0000	0,0000	0,0000
181	0	1	1	180,000000	180,000000	0,00000000	0,00000000	0,00000000	0,1506	R	1	06/05/2021 14:23:46	0,0000	0,0000	0,0000	0,0000	0,0000	0,0000	0,0000	0,0000	0,0000	0,0000	0,0000	0,0000	0,0000	0,0000	0,0000
182	0	1	1	181,000000	181,000000	0,00000000	0,00000000	0,00000000	0,1505	R	1	06/05/2021 14:24:46	0,0000	0,0000	0,0000	0,0000	0,0000	0,0000	0,0000	0,0000	0,0000	0,0000	0,0000	0,0000	0,0000	0,0000	0,0000
183	0	1	1	182,000000	182,000000	0,00000000	0,00000000	0,00000000	0,1505	R	1	06/05/2021 14:25:46	0,0000	0,0000	0,0000	0,0000	0,0000	0,0000	0,0000	0,0000	0,0000	0,0000	0,0000	0,0000	0,0000	0,0000	0,0000
184	0	1	1	183,000000	183,000000	0,00000000	0,00000000	0,00000000	0,1507	R	1	06/05/2021 14:26:46	0,0000	0,0000	0,0000	0,0000	0,0000	0,0000	0,0000	0,0000	0,0000	0,0000	0,0000	0,0000	0,0000	0,0000	0,0000
185	0	1	1	184,000000	184,000000	0,00000000	0,00000000	0,00000000	0,1506	R	1	06/05/2021 14:27:46	0,0000	0,0000	0,0000	0,0000	0,0000	0,0000	0,0000	0,0000	0,0000	0,0000	0,0000	0,0000	0,0000	0,0000	0,0000
186	0	1	1	185,000000	185,000000	0,00000000	0,00000000	0,00000000	0,1506	R	1	06/05/2021 14:28:46	0,0000	0,0000	0,0000	0,0000	0,0000	0,0000	0,0000	0,0000	0,0000	0,0000	0,0000	0,0000	0,0000	0,0000	0,0000
187	0	1	1	186,000000	186,000000	0,00000000	0,00000000	0,00000000	0,1504	R	1	06/05/2021 14:29:46	0,0000	0,0000	0,0000	0,0000	0,0000	0,0000	0,0000	0,0000	0,0000	0,0000	0,0000	0,0000	0,0000	0,0000	0,0000
188	0	1	1	187,000000	187,000000	0,00000000	0,00000000	0,00000000	0,1505	R	1	06/05/2021 14:30:46	0,0000	0,0000	0,0000	0,0000	0,0000	0,0000	0,0000	0,0000	0,0000	0,0000	0,0000	0,0000	0,0000	0,0000	0,0000
189	0	1	1	188,000000	188,000000	0,00000000	0,00000000	0,00000000	0,1504	R	1	06/05/2021 14:31:46	0,0000	0,0000	0,0000	0,0000	0,0000	0,0000	0,0000	0,0000	0,0000	0,0000	0,0000	0,0000	0,0000	0,0000	0,0000
190	0	1	1	189,000000	189,000000	0,00000000	0,00000000	0,00000000	0,1503	R	1	06/05/2021 14:32:46	0,0000	0,0000	0,0000	0,0000	0,0000	0,0000	0,0000	0,0000	0,0000	0,0000	0,0000	0,0000	0,0000	0,0000	0,0000
191	0	1	1	190,000000	190,000000	0,00000000	0,00000000	0,00000000	0,1504	R	1	06/05/2021 14:33:46	0,0000	0,0000	0,0000	0,0000	0,0000	0,0000	0,0000	0,0000	0,0000	0,0000	0,0000	0,0000	0,0000	0,0000	0,0000
192	0	1	1	191,000000	191,000000	0,00000000	0,00000000	0,00000000	0,1504	R	1	06/05/2021 14:34:46	0,0000	0,0000	0,0000	0,0000	0,0000	0,0000	0,0000	0,0000	0,0000	0,0000	0,0000	0,0000	0,0000	0,0000	0,0000
193	0	1	1	192,000000	192,000000	0,00000000	0,00000000	0,00000000	0,1504	R	1	06/05/2021 14:35:46	0,0000	0,0000	0,0000	0,0000	0,0000	0,0000	0,0000	0,0000	0,0000	0,0000	0,0000	0,0000	0,0000	0,0000	0,0000
194	0	1	1	193,000000	193,000000	0,00000000	0,00000000	0,00000000	0,1504	R	1	06/05/2021 14:36:46	0,0000	0,0000	0,0000	0,0000	0,0000	0,0000	0,0000	0,0000	0,0000	0,0000	0,0000	0,0000	0,0000	0,0000	0,0000
195	0	1	1	194,000000	194,000000	0,00000000	0,00000000	0,00000000	0,1503	R	1	06/05/2021 14:37:46	0,0000	0,0000	0,0000	0,0000	0,0000	0,0000	0,0000	0,0000	0,0000	0,0000	0,0000	0,0000	0,0000	0,0000	0,0000
196	0	1	1	195,000000	195,000000	0,00000000	0,00000000	0,00000000	0,1502	R	1	06/05/2021 14:38:46	0,0000	0,0000	0,0000	0,0000	0,0000	0,0000	0,0000	0,0000	0,0000	0,0000	0,0000	0,0000	0,0000	0,0000	0,0000
197	0	1	1	196,000000	196,000000	0,00000000	0,00000000	0,00000000	0,1501	R	1	06/05/2021 14:39:46	0,0000	0,0000	0,0000	0,0000	0,0000	0,0000	0,0000	0,0000	0,0000	0,0000	0,0000	0,0000	0,0000	0,0000	0,0000
198	0	1	1	197,000000	197,000000	0,00000000	0,00000000	0,00000000	0,1501	R	1	06/05/2021 14:40:46	0,0000	0,0000	0,0000	0,0000	0,0000	0,0000	0,0000	0,0000	0,0000	0,0000	0,0000	0,0000	0,0000	0,0000	0,0000
199	0	1	1	198,000000	198,000000	0,00000000	0,00000000	0,00000000	0,1501	R	1	06/05/2021 14:41:46	0,0000	0,0000	0,0000	0,0000	0,0000	0,0000	0,0000	0,0000	0,0000	0,0000	0,0000	0,0000	0,0000	0,0000	0,0000
200	0	1	1	199,000000	199,000000	0,00000000	0,00000000	0,00000000	0,1499	R	1	06/05/2021 14:42:46	0,0000	0,0000	0,0000	0,0000	0,0000	0,0000	0,0000	0,0000	0,0000	0,0000	0,0000	0,0000	0,0000	0,0000	0,0000
201	0	1	1	200,000000	200,000000	0,00000000	0,00000000	0,00000000	0,1500	R	1	06/05/2021 14:43:46	0,0000	0,0000	0,0000	0,0000	0,0000	0,0000	0,0000	0,0000	0,0000	0,0000	0,0000	0,0000	0,0000	0,0000	0,0000
202	0	1	1	201,000000	201,000000	0,00000000	0,00000000	0,00000000	0,1498	R	1	06/05/2021 14:44:46	0,0000	0,0000	0,0000	0,0000	0,0000	0,0000	0,0000	0,0000	0,0000	0,0000	0,0000	0,0000	0,0000	0,0000	0,0000
203	0	1	1	202,000000	202,000000	0,00000000	0,00000000	0,00000000	0,1498	R	1	06/05/2021 14:45:46	0,0000	0,0000	0,0000	0,0000	0,0000	0,0000	0,0000	0,0000	0,0000	0,0000	0,0000	0,0000	0,0000	0,0000	0,0000
204	0	1	1	203,000000	203,000000	0,00000000	0,00000000	0,00000000	0,1497	R	1	06/05/2021 14:46:46	0,0000	0,0000	0,0000	0,0000	0,0000	0,0000	0,0000	0,0000	0,0000	0,0000	0,0000	0,0000	0,0000	0,0000	0,0000
205	0	1	1	204,000000	204,000000	0,00000000	0,00000000	0,00000000	0,1497	R	1	06/05/2021 14:47:46	0,0000	0,0000	0,0000	0,0000	0,0000	0,0000	0,0000	0,0000	0,0000	0,0000	0,0000	0,0000	0,0000	0,0000	0,0000
206	0	1	1	205,000000	205,000000	0,00000000	0,00000000	0,00000000	0,1495	R	1	06/05/2021 14:48:46	0,0000	0,0000	0,0000	0,0000	0,0000	0,0000	0,0000	0,0000	0,0000	0,0000	0,0000	0,0000	0,0000	0,0000	0,0000
207	0	1	1	206,000000	206,000000	0,00000000	0,00000000	0,00000000	0,1494	R	1	06/05/2021 14:49:46	0,0000	0,0000	0,0000	0,0000	0,0000	0,0000	0,0000	0,0000	0,0000	0,0000	0,0000	0,0000	0,0000	0,0000	0,0000
208	0	1	1	207,000000	207,000000	0,00000000	0,00000000	0,00000000	0,1493	R	1	06/05/2021 14:50:46	0,0000	0,0000	0,0000	0,0000	0,0000	0,0000	0,0000	0,0000	0,0000	0,0000	0,0000	0,0000	0,0000	0,0000	0,0000
209	0	1	1	208,000000	208,000000	0,00000000	0,00000000	0,00000000	0,1492	R	1	06/05/2021 14:51:46	0,0000	0,0000	0,0000	0,0000	0,0000	0,0000	0,0000	0,0000	0,0000	0,0000	0,0000	0,0000	0,0000	0,0000	0,0000
210	0	1	1	209,000000	209,000000	0,00000000	0,00000000	0,00000000	0,1491	R	1	06/05/2021 14:52:46	0,0000	0,0000	0,0000	0,0000	0,0000	0,0000	0,0000	0,0000	0,0000	0,0000	0,0000	0,0000	0,0000	0,0000	0,0000
211	0	1	1	210,000000	210,000000	0,00000000	0,00000000	0,00000000	0,1490	R	1	06/05/2021 14:53:46	0,0000	0,0000	0,0000	0,0000	0,0000	0,0000	0,0000	0,0000	0,0000	0,0000	0,0000	0,0000	0,0000	0,0000	0,0000
212	0	1	1	211,000000	211,000000	0,00000000	0,00000000	0,00000000	0,1491	R	1	06/05/2021 14:54:46	0,0000	0,0000	0,0000	0,0000	0,0000	0,0000	0,0000	0,0000	0,0000	0,0000	0,0000	0,0000	0,0000	0,0000	0,0000
213	0	1	1	212,000000	212,000000	0,00000000	0,00000000	0,00000000	0,1490	R	1	06/05/2021 14:55:46	0,0000	0,0000	0,0000	0,0000	0,0000	0,0000	0,0000	0,0000	0,0000	0,0000	0,0000	0,0000	0,0000	0,0000	0,0000
214	0	1	1	213,000000	213,000000	0,00000000	0,00000000	0,00000
